-3.459919271201821 -5.056221096521374 3.9993107945314996 -2.927378104645122 8.037776189786253 1
-8.289782661329252 -3.857300904755503 4.284502345382188 9.477563559537852 8.96406848281049 -1
9.90489649004779 -7.808987283521844 5.510812070104642 -5.2716630780017315 -4.821622889596839 1
-4.45463952414844 -1.1141518485384125 8.422081695424339 -8.30927667636789 1.9516756423431314 -1
-6.149156345436841 -3.6219583117584087 5.425470488112438 -7.399876320226038 2.059680482087213 1
-1.223826031533024 2.273549556837011 -6.26914938808802 -4.700132290809149 -0.41293453222516874 1
6.966948194490094 3.4766715203869136 -1.6657242248896011 4.633116153484508 8.28825424901013 1
-1.8680532942380843 2.5359893035037917 -3.9816257769983787 8.106387555304511 -2.441811312630797 -1
5.234232060543601 8.954104939984703 0.9022558505697056 -4.971323414622866 -8.917208545833004 1
2.0657175192618737 0.3116135256780552 -7.274504797658357 7.110441194538101 5.110332140900313 -1
9.1931006478152 -8.717317481390271 -9.094339480086324 8.215237054155892 -8.020111635340776 1
8.68775959290792 9.102392793993864 6.181555789706298 7.170137507962689 -1.7222050956065118 -1
-6.160834036652032 9.553007554811657 -6.882691891629826 -9.024506787027233 -1.8681219662484505 -1
-1.153906071743176 -9.07661807969288 -9.483203104595335 2.960303543948104 6.972779747173064 1
7.047091029509108 -6.734573215678146 -8.756653363337419 4.469522606238584 9.063327698539329 1
-9.073893324454989 -4.941051211271139 -6.897839301481534 -6.6727977657938675 -3.961815227283494 1
4.82075525914353 7.418640506645918 -4.930707304088888 -0.8039164505705045 -1.4446705680555816 1
7.947859010769072 -6.574612585219919 -0.5233909667729044 8.304996434780652 3.7435642589151605 1
0.8506959590214347 1.395734576398219 9.331528478592453 1.1255206295730389 -7.253041493353711 -1
-6.891241649394471 1.259400821318355 -9.032630579975201 -1.4809080031233144 1.5544789932193304 -1
5.072886002616318 -5.238840029640235 4.429106937822969 -2.2509072620871606 -1.530985031122313 1
-4.0109976367251665 -1.872338765935929 2.6930601968666235 -3.163782699655524 5.025237366521203 -1
-6.246770667612291 -2.72817300216575 3.117620189688477 -7.214329710472813 6.352251057432877 1
-1.3381163473946565 2.9559646431356548 -9.443462243068236 -2.019118797198618 3.0493768240923202 1
-0.9939990053224435 5.699075461406501 7.493655391965611 -7.425049189416937 5.848323211649502 -1
-8.030678141603037 -7.578599864375795 5.442637785084079 -0.7105216476723051 3.1974674954087945 -1
-9.221435198562013 7.466765585746849 0.2635769799383283 -1.448450436912081 -2.2967872278667256 -1
-3.102810785796306 1.1796677967312732 -3.574085828331781 -6.599019997096995 8.514049324410475 1
1.2648087260355076 6.093066405483402 -9.03156816205823 -2.835498822582978 -8.461224583780256 1
-9.269491478147863 -8.476102730536619 -9.994315042244327 3.9750202944803767 -2.9800688401989683 1
-7.842097218181112 1.4341515286093909 -3.858252637933939 0.12347690792101851 7.632761893535964 -1
1.4576442752371968 -0.458728794343223 -3.535050211089459 5.378722018004298 -0.806518607686165 -1
9.990299492527576 -5.446693219980099 -7.80103743429625 -9.450634496561218 -8.592955206439203 1
-0.7943321341904053 -4.143924393583633 5.511647589545774 -5.082694201107878 1.3381296260836972 1
-5.696040403572313 -5.588066699111787 0.826214834597705 -4.566781549846475 -3.7270165605938743 1
7.766931665428896 -8.43835097449916 5.528538079306461 3.6718455559727747 -7.867200466088287 1
-6.432882858289051 6.1118928510473225 -4.293297450243658 7.635777264736237 3.7056470211955315 -1
-3.406619721145887 -8.631947792485747 -2.583712382421637 6.323953625761241 -7.498089624610582 1
-8.077250997822265 1.1609348959049157 -5.226824630726328 1.551189939028239 5.450130527831227 -1
5.9185507036309115 -1.8266280205061491 -9.902494717745043 -3.2229888750016844 -3.467194022040143 1
2.732788835803742 4.279793715272087 -6.504944375041681 5.690701141923373 -4.911704120842373 -1
0.023180568827729786 -7.300976482167223 6.014424546806136 9.384583653158217 1.1322446790264387 -1
-7.903926359225797 5.427700085040383 6.045225106078366 4.747871491036317 4.448083718716237 -1
-9.265501424255849 -9.503997645714364 7.1030450918134775 -7.283237139979395 7.58665512820118 1
-1.9759194535200066 4.087228770754896 3.0864889147939287 -5.9625291248885 9.228074904565815 -1
5.252937898719807 2.7530023488173683 6.430085613307746 8.502176565013777 6.916118134865677 -1
2.011515422314737 -2.201481640888847 -7.038858034546376 -1.0444745189319793 -6.205809494968095 1
5.474582551099685 0.182481829182354 4.175406362486305 3.542269809109925 4.143370477948029 -1
-9.668385255026433 9.460816299541932 6.952348442994488 -4.618147270955517 -1.091152949317177 -1
-1.3718222759456253 6.306077877733529 -2.717837869716928 -6.676730195963905 1.7454857951337956 1
-0.09687494325485346 -0.7361971361624153 -4.716213766495425 6.739870876708206 9.237865525996543 -1
3.466592325122706 5.594285706972704 2.377940834994682 -3.1839382015494877 -2.5966905055258627 -1
-3.331854824451317 -2.480440523579537 -9.410745822717207 9.23336391122675 2.467715039320151 -1
-5.618570095464528 -7.363244616488935 -5.684850962673766 -5.411448688270597 -9.19463640756117 1
-3.3774009044018616 -1.1099553133825335 6.748296554412434 -0.9885959795149013 -5.674607588316478 -1
8.464560344914489 9.811789516894205 8.332200189958868 8.99472931217851 -0.6054672650689064 -1
4.230563094405193 4.102408219210357 5.654210717874516 0.5878598683509484 4.278965673078039 -1
8.485736660328183 -9.387430499486321 9.86497650226162 -6.001527781336566 -0.9762442209711928 1
-2.6006731486956225 9.013843724402221 8.96370004300248 -3.776010567464123 9.815612729045277 -1
-3.513439828300138 -7.952048383712866 -0.5233644962012427 3.2688093830466904 9.1765543445891 1
0.38841024900931664 -5.05550731050596 9.992634003042046 2.9682537894161207 -4.394763814861666 -1
-8.502486281308169 6.753813629191299 -3.323387037411476 -0.15660345718531232 -2.3141774465726606 -1
1.3044878896899057 -0.7343232313470658 1.4823024227580675 -9.667352784008937 9.295486764221053 1
4.516252230650103 4.946676165276465 -2.0929873199289606 6.468617542380155 8.931274782353995 -1
-0.42489051297035374 5.204331254707363 7.871870801592053 -1.6742481732453296 0.8514162612471399 -1
2.801700786132887 -6.303152521637347 -5.459583377113155 -4.115712576358845 -0.5665216801170647 1
-5.134430507278709 -3.9440579558020916 5.295795572393342 9.439011940754444 -3.8634153806783322 -1
-9.113536775644842 -3.5404645682080282 3.2716220579185027 -3.2775568459999294 -3.634230805340435 -1
-9.639451288386876 -3.548849027190477 -9.167783800842702 -5.83987970293955 -2.8293101052363134 1
4.8058975646425885 0.025642785333893414 3.9094236366680235 3.0853184948636603 0.06614915881869798 -1
9.050461219915231 -7.731482600610713 -7.775790946606733 -2.0472307586037886 3.091647574976747 1
-2.754166967853404 7.518933937032045 -7.7368732197611045 9.82709731972865 4.092664864020236 -1
6.0103556048881615 -0.33060951955464546 4.321801571780593 5.457664233296754 -4.812954102684444 -1
-7.519971057738393 2.816685128816715 -2.723434787688306 -9.020519957052917 -4.829106565396142 -1
6.466688202955222 9.228642197475516 -4.769738074201282 3.400710989067095 2.7755392083428188 -1
-9.7021618842281 8.765204855511964 -9.651938059595903 -1.1964472853187846 -3.933502133895961 -1
8.004276237383227 2.487779586884349 -0.25727271070701363 -8.93397976218338 1.3931495276734616 1
-0.6699792536451099 7.640054181642476 -8.73955667400752 -5.4251246843074075 -3.75868202838026 1
6.465919955435481 -2.2308209516653488 -9.90901477862629 6.221286355356682 -8.056349384683589 1
-6.810487023590195 2.717388751089329 7.107265690840062 5.803887661637951 -5.687476765451889 -1
6.491256481687731 -5.489720064594752 -2.9865115284908628 9.746262769732759 5.88806712745043 1
3.6240726167974113 -8.842549355326494 3.0647741912318374 -7.9506563740533975 6.929670365516692 1
3.3634194043775523 6.034558352719841 -8.469321503149473 3.9537204326693765 6.0552354033910305 -1
6.045253517222903 -4.902653811236064 -3.5512197211979224 5.183534518506585 -0.14314986017786246 1
2.068677344260985 -1.8973161102879885 -4.1317855896758005 -6.880087798860828 -6.284604263966673 1
-7.982646197138985 -8.97955118992224 -6.383125159512333 0.31805308686459455 4.074337708123338 1
1.7326541937491324 -2.463580524630755 4.388922994082423 -3.8076073660296217 4.945569875137355 1
6.104764876152366 -7.617493335074448 -5.620115720477874 -1.9086539479205378 -4.149984831327527 1
-0.043899497020731815 8.43183503367008 -4.1720029581214035 -6.922549176490733 6.056844552857857 1
-5.658486806034442 8.780624514349373 5.994223583332655 5.791704909583913 3.259685424195734 -1
-6.052643003926823 -1.2172632647811952 -2.8270114220033316 2.709583568480763 -8.860034083016153 -1
-4.932044412168466 6.679839303329192 -9.705223943798696 4.704733393943545 5.924176091348944 -1
-1.7374621795727343 5.73998229574816 3.060123111550727 -6.424484491531999 -0.80273755813732 -1
-9.936952042512232 0.6138704434808098 6.673503473282434 8.820580937285566 7.8116024466451925 -1
-8.856088083298882 4.556315596996052 -1.5860535582769764 -2.422523033665227 7.749219353625691 -1
-6.193976336582847 -6.1883648039619965 3.7629432289968854 -3.3366691121809033 3.356474936121696 1
8.514041768421077 -5.117493189936377 -1.0491414362651454 -1.4375580916593922 1.4094847653339304 1
-9.435694039941591 4.880955244025479 1.6620577729586863 1.9873706210963284 -8.894765563875326 -1
-3.849883299404424 -8.425480192455153 0.2821268990735817 7.933459752747165 -3.4469470611501407 -1
2.1682962865907562 -2.3307130519850583 -3.888872219568107 -6.641931934688765 -6.63008580474997 1
-11.750649068470347 14.926846761554302 -10.901303358231251 -2.7368055665763507 19.570832351397726 -1
-4.815167376849869 -1.6162535383355525 9.967615535656236 5.647084843698291 -15.666358864849386 -1
7.175690119843587 10.057840003718503 -8.737912433937378 -10.741680449558864 -13.79095504266484 1
11.563352808759959 -11.60007160816594 17.44626059169383 5.699042825970189 5.003208007568041 1
14.749581351591118 -14.862486182371066 -6.1210619185796045 -4.716690387264091 7.630677018039584 1
1.743204986253886 4.226223280085712 -4.809947407976054 0.4886513614389969 -16.061279556270975 -1
1.326650020583699 11.082942555049957 -14.028670919425661 -7.8255831941064 -0.18993533378791838 1
11.210870734659668 1.007636101851162 9.954644872313956 -7.236169420769389 16.702696600784954 1
-6.089454783556931 -17.386048160885128 -15.951883582503408 2.0310335907823713 -8.140100153396626 1
-9.438905648932296 4.246416048580109 3.9425991467373045 -0.607688378843136 2.7068149795068592 -1
-0.9489055099938852 15.06785421756723 -19.49530877483017 5.520772571300245 19.876766171426667 -1
2.7274919943528353 -7.112373279266233 -18.88919966050971 0.6325081273019961 -0.9154469528890274 1
-5.559967610340761 19.989847990235205 -16.754656660061844 -9.77600134484259 0.047214961343648554 -1
-13.819630978998143 15.150843789331567 13.598768152372934 -10.792416485896466 -3.9443980930429667 -1
-3.0588266907709354 -6.535941242472099 -4.9461292019546566 13.087485296268284 -10.3337832551433 -1
5.478024445534977 -7.1875453104847775 6.748527852573602 -16.8669624356992 12.68272160626583 1
19.314938958717477 -17.93557744869627 8.172188088031067 8.181418874006727 5.8246016928728395 1
10.115200010934899 -17.320242566132407 3.6729269948140413 -11.966879217363227 19.650131936783552 1
13.407618000959658 14.514312974656676 17.01819669892879 5.1966124208658115 -18.860019322627373 -1
-11.113652030939543 17.02433312864426 -11.724351084410394 6.963650375389989 -10.53917994617005 -1
9.680045489244833 -11.490203777843773 3.8691379422989343 -18.812605808535096 11.020056661124809 1
15.901166776861984 17.99581990540232 15.753780781299731 -4.745164709550442 0.7283185762406141 -1
-12.770239515689203 2.7376716671547214 17.921430801002288 -15.437992602551143 -11.723182479260892 -1
-6.14633289043117 -14.02340476314154 12.029983680799475 -2.448559483426081 11.748661521703774 1
5.346257642300696 -0.9657634359953171 2.862623863831768 -8.963677672459864 8.968708749372851 1