-5.150393896416424 43.904398983882274
5.918967167350431 53.03761868179864
0.4787340151828585 45.437056963928576
-4.8840469062298215 44.72140001265701
-3.5495284317410922 46.95989039421484
-3.918133467205199 40.83587021310667
18.642610634883795 21.820395101590584
-13.714897508948042 35.22461360179062
22.262753630790737 8.167952844381844
-1.1810964598187215 44.47571302561817
1.1984837355209128 52.13001916065997
1.8259888574019234 47.45735559794678
-6.5773925859991635 43.72387822869611
-16.462316374961198 36.13369527915552
-11.415840739783905 43.2118866937772
-14.390893906909794 39.88357482155302
7.449923119723656 57.8510567136838
-17.39220136706431 39.87303058019096
-3.321971881521253 38.989934034923635
-7.384134606861159 42.254115444560775
-2.337857601515025 47.70380619211793
2.4691448078551987 53.365276913797835
28.225213836570244 -15.906454732258354
-9.691305008110296 37.77026712159604
-12.661858444963938 35.16436806312621
20.176657352825295 17.04710996295653
11.088058686080531 56.61139661287659
-0.838536952383881 48.79972909398062
-11.988019143467097 31.261547325427095
29.31705171428941 -18.907875666679665
8.825129939121648 59.791505332938044
-17.82231652883645 33.847101887993155
4.819637033367259 52.149860269178
19.360061746108606 18.06315442394931
0.0786722505600261 44.065475439552564
0.11502900685723327 46.77635456220856
-5.186036885973236 46.05770622633576
2.679419632836269 53.16530355917036
-3.483877185941822 45.606954933751666
-0.105209278246933 48.62476043386858
14.173497676266088 41.160209025766335
12.508943424609576 50.25753635351283
-7.6150629673238335 39.10243179645836
8.129477698524157 54.44737683610248
11.053445178276515 53.65083303662663
-18.489759867416716 42.12296461578995
13.141136329965821 46.9642951257933
-0.22034771325224065 53.65766218728493
20.719890286666157 16.630606101424657
0.37486872480255873 45.80187417954881
-6.247107741589815 36.83527000052578
-0.7496053097349371 50.88222876603584
-4.241718991448845 48.90801728946892
1.0340350096228776 52.051088265265875
2.426924718260108 51.9077532288268
13.048258034759208 46.87371417359033
5.549467381997067 50.4632703480887
-12.176746886405867 35.46475176149322
-6.938899777503861 39.20897013675163
-7.63199868377331 39.37467443307554
-1.58249614677768 45.202404749323726
-0.6405511254334681 44.65011824743112
17.543576219628026 29.537233598101476
21.295605336810745 19.381658578777852
-5.598837592636157 41.898495010166215
-8.154767087044917 35.2761233590681
-3.5109823563524096 46.76229105233547
-8.69768810639859 37.18494614288815
-0.27532212373671877 46.047324680499095
-4.4366055271974165 46.19367922337585
-17.072214701486786 35.929821213302425
11.6246951631963 49.18755746680847
-10.643541470365395 37.47420827540126
-14.03064100887555 34.28199435264564
0.23718076304506658 44.90464664087627
-0.16420788126235275 47.44670786059612
-0.7766499693895508 50.17619704715385
-8.365671811585381 39.72740790366206
-14.277948312878497 32.55200438092793
-1.6090476989493157 41.388763739866036
-13.208878809663272 38.255396002162826
-22.969237140924324 50.30425633141669
13.35634553887373 46.14150087835602
0.5669660952079565 49.38816121314619
4.939420604540607 52.83676199894733
7.143473560870369 55.42263456005095
-18.51129418305498 36.13730897434366
-6.377368722609643 45.01414616411801
-14.797126715395315 34.53832423343511
-1.7691603239390568 47.7610854568547
-2.486310620620445 47.46388996569254
-0.004527924450380641 51.19281379360576
-8.11124273889451 35.09706142982923
-1.47955675816394 48.03067254879321
18.419309181721797 27.202315973918175
4.011662290101893 57.3057815538255
5.529289222181713 52.571179641994185
-23.889691365765614 50.84357391590201
2.2175451050810024 49.06997525772904
9.190847991814861 61.926034041079745
-16.045581410630298 33.204665901065475
12.594214620706587 47.12905818363815
-2.237497866614899 47.30793547509906
0.6435622885591225 50.05158158089141
3.687672043502623 50.48389629806182
6.651053957800922 50.78295403900921
-3.834150168968567 46.60592531502076
-0.7068166935210963 43.780117230488855
-5.664814931692552 39.47940175704022
-14.223486560296827 31.23597051565992
-9.470599703172256 39.93083544533466
20.063612309075836 19.524857739276456
0.8580721642647902 52.055330062506
23.24687545213049 9.557273409062976
-21.962580661286047 47.160611752193326
21.975874993796268 7.8741721175128365
-17.653970907404645 43.93408963875599
4.521162433203464 50.76719097633267
1.5897378625844052 45.47590352348907
14.865329142559604 38.47203509995772
12.533993495379573 47.767372141052434
2.9799142435420674 46.90968040168308
-3.8131513808209823 46.835811829716725
19.577035754093 24.61705159177016
-11.171950592559796 35.65436529695128
-15.895689142769093 39.80098172915311
-11.74571202983546 33.82753588830997
2.615948784687168 52.73837097787694
28.12931039064296 -17.817005660506606
15.171548673205248 40.5153592691099
5.265019409168375 54.21217095019157
-17.460594774245063 41.03056467962333
28.04124908786783 -18.16751414504055
-11.452373257393415 34.59605763169802
4.386163392464112 54.97780925565879
-12.357604570163307 35.82226959326508
15.130762484973722 33.41012471270886
2.8850632406335497 52.178925914444775
11.62034084592798 46.82119605415913
-14.482319532158456 38.76921630679686
-7.817891671699352 40.3005256165268
-10.323458739984229 33.355453108199136
-3.451253106658465 42.642942227874244
12.3344379683747 47.798130934667256
-6.816480300309773 47.55619518651309
-12.885941250678608 34.99646610494775
-9.24024484079733 37.30173666506046
-8.292408406338268 38.435551259186894
14.385794622679215 37.48838582882697
-6.517089521282705 44.62770926339761
12.060512878178432 44.59948153661387
-8.005279266511835 36.13645893320807
-6.370479391190692 40.20354289152008
-20.72851341860732 47.829631069065634
-9.575108529205002 38.56184938061169
5.690425707787097 57.46048270975364
6.618784748262968 53.84897408724083
5.09967816977547 48.20906281694295
5.692719398844868 55.041693879162864
4.12721873836653 49.36046315081387
5.903178709526763 52.368911987511204
-22.79765702168661 51.16078331919068
0.5224303191948366 49.21582996220354
-2.4702966495479997 46.86641856985891
-23.034970993098757 48.12064090356294
-6.182129184872513 43.39092565840649
-11.541446600901818 29.06738825024278
14.57422088090361 41.023405175467495
-2.0633899853348585 46.93528677005305
3.4344417759438723 47.757411337903235
-4.241993373216722 49.10514603771567
6.466680740387965 58.11102284261728
3.7441421198749265 49.64357936219136
11.340957603536053 55.22060321083307
11.046233216866897 54.87116553187899
-12.074581250198184 39.76921889418109
3.9071223808252964 48.861991018580966
4.757752227469579 52.066726063331
-10.90373047402659 33.34716397959279
-2.729198979860601 45.73917174972531
-3.1394834855836065 43.5486754695251
6.302647275425054 50.20576063179937
-9.223482314374095 39.90005055192612
15.592879801409993 38.344285777433825
-4.419839426145781 42.19004392910237
19.92305895475498 15.48174905119666
1.9362880200042845 58.05550935300323
-4.290875720411845 40.31382266469512
-8.8841692140952 39.855909363123814
10.308710788358812 58.83938664516296
8.154386192004226 59.40628905842816
-16.888245285399904 42.238810457877264
-1.5525226606775595 47.39970863244732
16.12325275390953 36.940702706146425
17.74993048619263 28.938920212283115
14.105133337494859 44.62249564687202
21.697029075078426 11.618937963610128
-9.461601325105612 39.933061487892694
6.447267219580092 57.957662006896555
-16.698686834651358 40.24940306631929
-1.2276279238370267 47.98772864294889
-14.438307316127341 34.52782327804389
-6.102063814816043 38.90267458665663
0.046955112366554065 49.65514661578182
10.639244935912087 57.43743240904559
-7.451801386865613 40.59501613484342
18.663326669866333 26.70454401806908
21.99208662640129 15.510538755317963
-8.497395676575998 38.99291712936689
1.3730555029663742 49.82949383177469
13.125387938050231 47.416020483757336
17.012836592055397 28.465731077562275
10.705140507967846 58.626175475724246
-4.343164574638089 41.1012161164416
-10.098834517995206 42.433321981635366
8.476321470297494 56.82052708135804
-3.4948383105049863 44.72244677946325
-1.2537803475270335 51.26094224598122
6.439982072902647 59.6252051271733
-3.5219404915807564 49.14502813798269
-5.4074082545432205 36.2167019390952
4.656797494609802 43.826413336907336
9.821713104963768 56.913253400234126
1.002997330424597 46.777823522751575
6.707374759901155 50.946984268565764
-3.8833392943925555 38.20931710704042
0.4586444709609033 48.76868532491447
-16.781744490496195 35.492616842001574
5.372349102520676 49.791407599506805
-4.514397886887539 48.658798621984204
9.5015351629227 59.190964299933654
-11.132749945839869 36.325615059535075
11.647083334236012 52.46211993595848
4.160848834877275 51.1996604940139
-8.792871298609622 40.92908942549585
2.8420806234421203 55.97258707942873
-14.026397535621193 32.37956683209973
-6.514904552272288 38.896094394679224
-2.1492632908886553 42.32288271505587
11.715962474121579 48.59907388392204
-1.1194871894707341 42.411891944977334
-5.104028345544793 41.28874054222668
-13.381908845803265 33.2234205512901
-5.867322975208383 37.21089783808565
3.5968124249791735 52.17697534112567
7.460576144004387 50.607775664055254
-12.328553635589321 43.434851533393186
18.430251780487378 31.477195674741907
2.419183822396178 51.236386867592564
-9.711266475735842 41.84727041768467
8.12946142034633 53.88267667269713
14.752307540779302 41.55580447619704
3.05480854039353 51.4790987498079
9.055033943027842 56.25770239469106
-2.461462650239415 45.88060857895651
-6.676430621410265 41.265962724670146
-6.595908495372255 38.34864309700987
6.4572539356754275 52.623968147244526
-25.070328542996513 54.48325765476454
3.074328641546065 49.8742033137843
16.32907778542386 29.615595527004015
14.242913853346286 37.19410774310841
16.259089776415202 34.07453430928566
-7.525530822440933 40.30816450828289
-29.392594341151835 60.45379567380868
-5.818677434056937 49.57429511352965
-21.83341337348219 45.60464188443061
-6.658435964894677 41.67017655285509
-10.78381131890209 43.5286221892982
14.978773702024839 35.54589310234881
-0.7012282831372761 47.062460542248445
-6.912625660122554 42.27137545670014
10.55975699450406 57.10411364195894
10.969867048833862 54.95450595391481
11.571547376011974 55.60265614003934
7.138195207372801 56.9748215787323
-13.95153423414255 37.17408112917733
9.700091006150721 53.47513876408586
7.598860785396369 55.72047285295377
13.482201858242416 42.265698159186364
8.427885875741016 59.38826058124173
-11.30544761243004 42.94739321070083
-12.584243693305599 38.861417310051685
-3.8832381927192126 46.53443309929369
-3.0733855392860168 47.237738813881
-13.184166361069316 32.08784531634987
6.41814488677919 55.74747445736623
-7.66985876210012 35.68147244063531
-2.7656196735243377 43.517319680200764
-8.181269059634129 42.665952109834315
-13.758609112520938 33.70313736346772
-1.8491239327363034 45.094158532365924
-1.9675249201676999 43.28179182160511
11.572846812278566 55.094544393572164
3.420326604596034 54.690091028172404
-10.30819638389996 39.875982646048755
-2.1480051419703616 47.22874478584362
14.559907057709156 42.695818778947576
-6.582987409432453 45.18269065372672
1.6535216654756548 48.993436560263966
21.07486134133902 10.361639508269008
-3.663151145115192 42.74791284805529
-2.429645883069867 44.7751719167495
-15.345394537333856 35.709311499150616
-11.315370994612877 39.27460282882547
-0.17101774714979928 51.82042547313581
3.4245041016640236 54.76320220805971
6.356700687288153 56.19372748418005
1.8949271805427932 50.832407916528034
1.1673668171779916 42.99367204590586
-17.425472905831644 38.227512907218326
6.425771694545635 53.76787202411567
18.439991731766078 28.394897731118917
12.96539414023192 43.22316731317692
4.4832416348010735 49.24893416516969
17.946718324474407 28.042795131763118
3.760919548692043 47.79531243352896
-5.023778365685342 40.27269950442273
7.449969674989999 50.06871349911589
16.092950142295084 33.89174072261207
-5.974211500715065 43.39988341937628
18.482803533695723 28.207743006635614
-24.188369165250773 56.22850543856899
12.829957821279264 45.10117622733938
-3.4541670084227745 43.90468255412997
6.2236513955572335 55.50493237552487
-4.522797846588237 40.06762537877341
-3.11013318114814 42.78807328656232
4.298152365933673 53.27026435434017
3.9681451582189164 52.46508928719368
-4.4851903797887855 41.04737358952789
-4.019712121097299 45.11666153463337
-19.58070943982834 41.914697881956435
2.81638683692649 54.42140730554071
-8.549372570119747 39.9574734403113
-7.307145186349395 40.12872839194731
4.379588189186347 52.158797386655685
1.6490748069635288 43.06313529484723
-5.981634160602934 42.44254349390967
2.433454534904403 53.33400202703227
-16.280551093953626 36.677540641997986
-8.087814466438859 45.154090888904605
-6.040193115777127 39.765986679629684
-12.676858021744572 38.3100624750284
16.076430457337917 33.731015618770144
8.700869042008417 60.19907743633745
-14.008765175205548 33.590760916022425
-8.942271516713928 42.381518651245116
1.3333482736020024 47.842180253557956
5.5870786603786495 56.95771677224391
-18.474213885661477 37.99389250217755
-5.796276458664976 45.55049300181277
2.3151031380971516 52.47450365684509
-4.842091143266835 43.13875453784723
-1.886220768596927 47.328341653040056
-9.3888832499861 38.90551887204929
-0.46774101861406076 48.97515968117095
-6.430624256507334 42.19006762737612
3.70340176713106 49.164172687091614
-16.694096284652403 35.24666673025848
25.58740836499505 -6.81108726061659
2.895072957518088 48.55602043779204
-13.54507455396834 34.20827017784267
-18.441871065662763 41.98962894118968
7.312563710352493 59.13562135073523
-0.2887802675616207 46.89277971291683
0.918581593355589 51.2612229380343
-14.250397596963516 31.270898868040515
-3.3678738471039695 41.707528931988946
9.19203657644967 62.31045284817746
-13.104113327771573 37.177162992783295
0.9140121031084679 49.58020545784208
-10.75855988778973 38.38751982628381
-2.7461655488670766 47.46089311782211
16.29549700307181 31.554169049641686
18.45430005198304 20.022669741720364
-0.3796808252125849 46.50053492600402
-1.4338630719074703 49.39145916391856
3.593965203399841 50.38816166842651
18.148971106421218 24.199207144689353
-15.258244918314187 32.722597273026565
-5.977495138829432 39.77652043371216
6.581697119688441 56.2067379042413
-7.174962051376898 42.57631772335771
12.380981905173128 48.159393100962525
4.561349385950834 50.32061884850254
15.696224069580197 30.300854183469152
13.019200641928538 48.4101054424779
5.798484340649778 54.66352101664017
5.71379063731969 52.186751938226315
-1.9151494962940296 47.0689445475258
-0.2856365922017259 48.84023876892804
9.414002490549175 60.57996532573983
-5.322860030976492 36.47920689824034
2.991563623827096 50.48256952866657
-4.001218291092697 40.082046805038274
15.554750868247547 29.006996662658274
6.590756352327313 54.98671586016647
13.302771686552017 42.38966546113122
-4.665537910168604 39.209873160365824
11.55376623542397 56.980674246151814
-0.6528359999246526 45.398509941027754
-5.972745413809701 41.6082817182538
9.22279408124258 60.41640781276007
0.35398333580171143 47.724664909797376
10.101868661346368 53.86615424475396
4.577039589731975 52.25120726381619
-15.65318111566732 33.372715375988804
-5.932756034705683 40.21333958078704
6.674473340879723 50.8249044034512
-4.398345567787503 44.741461405902854
-12.156691954003202 35.40888205460405
-0.21335825873078643 54.64233862345459
6.1865579190523645 53.637967886408305
-8.582684806316628 35.45937129758095
3.0867804168086015 55.785866765531416
-0.40024357502714747 48.44334668624253
4.267645857798504 53.28977881082065
-6.798543440299127 39.56940270397433
-1.0572343219679385 42.237680937990675
2.736473359479747 53.41070588096484
-14.703169290074147 28.96783745556842
6.4772940116989535 54.02612292317452
0.8709104402764646 48.76292605950942
23.983087534371435 1.0676213450208003
7.623533954947418 55.43704573821491
-14.737612463188087 31.983039133275987
9.343964261071143 57.311209743868595
9.94867233791407 54.23223938244657
-23.0705018031821 53.017906464834695
1.8095397187476139 53.76931450092787
3.093672794032323 48.37858862614612
11.29439953522505 47.93796932726848
-2.350678650437086 47.45918156300331
4.0139980636871835 54.135335739585166
7.233978820866303 55.920043881996136
-4.2262821683105765 46.36689995395208
3.1242703953729425 54.3456666780738
-0.8420722617432713 49.753755573619564
18.322258669813817 23.895205492618228
5.4202687405507906 59.6169136968119
-15.950207364903228 29.67954785497358
-4.536513628480176 41.43390884218504
-4.521468375353413 44.6389337679174
3.7055279353358217 49.605921019546926
6.077439526243028 52.62944912676968
-4.834530673990582 45.863185112647066
-3.747572767213633 47.48488595437233
-15.822069657251259 38.39047406791747
-4.319650269517198 43.47833192188361
-6.200429731850261 39.88028171753313
0.10633956030986937 47.89797644228007
-0.7765317374755913 47.85178443621856
-8.94354414266523 40.54661771270221
-4.185940588200278 48.64302300367527
-1.5123897765600312 48.9494504625574
16.645999772303746 28.931503805422036
1.2813151607754127 49.62851836950789
-10.93894299133677 36.74336453993127
-20.930902325188598 40.661412972746916
16.767689776024497 31.942106541641444
4.289914604899968 51.90118386434176
4.6752644968944 51.19380274883567
-23.7801417910647 47.506120059252034
4.126903342607498 52.61200481847672
-12.632850870730978 36.03898191767807
14.993606015401141 40.991598810983106
-2.8516766796937216 43.93661740728479
3.351502933465774 52.43270071210878
-8.407020871374764 39.50667240231762
6.465247464248611 59.15057182584983
-7.7168131381538965 36.18311570817496
1.7995786225661283 43.85849996249321
-5.833552161000586 44.841517140267996
5.975259492670755 53.05963948037375
-14.295028987666091 33.21451227810682
19.38809783975549 19.091123244037462
-7.638503951044369 38.33311860927746
-5.001840566450253 45.778674351077754
-15.849691018991106 32.195585401743685
6.52805481454428 58.63758938215742
4.0746865559057674 52.876137917232036
1.6946800582432728 45.549003450371984
-11.763779992502663 39.05531376828461
-1.1605789250988545 42.27119265475355
0.12208377311979983 47.514630753954386
5.361297856818592 57.77740002090408
-8.197519984930086 40.14257777752404
-6.250944592122015 43.010389931214085
1.660223768641158 51.170429335850166
0.5026588078465124 41.20529654831132
12.955448613970862 50.42942809051939
4.762299323142071 54.16538889858147
6.935366146188135 54.87787182840204
4.740783926613822 51.46384088048749
9.072494003583696 62.14210046548381
-9.01691120539318 46.90800643981587
-5.955055106520066 40.9063053467687
6.257119681040207 57.32795747298136
3.623290986438266 52.701947496219475
-6.6667152832955 39.89444328494631
-27.374335136871395 57.16740599709498
-9.762572848143233 37.934349603226046
10.611776636325082 49.671212364701596
-12.403025109790063 35.07971783045147
8.669411810134415 58.40143880198646
-8.139442916319076 40.6754483185664
9.001803633267167 60.485288366079985
2.85148154229162 51.03652244453617
21.73285097531531 7.758774309818327
-4.669078001258188 43.37597587162784
7.834192435648097 54.49966178940148
-8.296467928694724 36.23059700889046
-11.176904526139026 35.554872646851734
-1.0283472123234203 47.278623215856896
-0.20878254268677912 48.6812955178835
17.334884054119108 35.364691074366135
-12.61554489831016 31.237835330885062
5.763381280027477 53.63036048389507
-11.68293307379654 42.47716923706159
1.51165002056874 49.916716955297126
7.402012153946627 55.3166813582012
4.6518470632576205 51.82937115141637
-6.447984258782592 44.578529411556076
-5.93041786064333 45.17080484677429
-0.7031936140038455 45.07097757101604
2.9516620379719667 54.3060621574755
-19.649612764211053 44.55381762631479
2.113370865901933 53.91408614673536
-2.8507730431539424 43.46224726622426
-25.447438345590978 58.506762888131725
-12.356355717722467 31.938703852659565
3.0805276395732664 46.30134771512011
3.063794268216329 49.4877270609168
3.0757757052926378 54.07720576943884
-6.641688491800082 41.18567414304081
4.883981131835232 49.81657614262675
0.525294414803379 52.71008239222422
-0.19546835763960937 47.60883989728983
-9.605543099069363 34.561387704532336
-18.90380357413158 42.92750793786123
-4.9847183659090994 42.41219974974252
-11.648772998260078 41.451564831675405
-11.539738740332812 32.17054441854941
10.152071455206373 54.31243348848765
0.4479070869923241 44.805590832129
6.8474301850865675 54.894506023610994
-2.421293737211321 43.92375187483683
1.5901903444282737 47.98412070214072
-7.727056254221475 41.24930466976994
10.111092102590856 60.29136575363857
4.892096393972859 50.70639081473543
3.0807063684228813 58.55413401305691
-13.89627826777838 32.47804376932454
-8.168321168986164 38.01246383370389
-6.807628719667807 39.69698286866287
13.44460389414796 45.246676754951594
-12.453849529357655 36.97666264729884
2.157609048254632 51.482610252549
13.088874601155176 44.89744664215623
7.849588468150115 52.37370458445699
-13.026319985998239 35.28958731605964
4.915951329392901 50.924819094017835
7.1320511297306135 52.62985993540161
10.823011569372941 54.48372855556608
3.5815875139705238 55.69035393807679
-7.069828817501041 42.857318233727106
4.831424540601726 51.465130842636164
-4.013662343462102 43.334309581502325
0.9166578698095311 47.12274173307003
-3.8520311242653262 42.032198043569124
13.03021948915627 39.22597637373178
5.030274448903047 61.233895407232495
3.391841002701979 54.287078434074466
0.7386948635807661 50.758784402049656
5.42160911054641 53.05822247414154
-19.92902558083962 44.94505246633284
-7.5836028424431525 43.192462857296846
8.475187698908686 62.023934635666144
-2.5090348535745957 45.77571902182626
16.462418534094212 30.05420754939309
8.888298489835204 57.56186746883123
2.0706603888316595 46.32110164010122
8.477373891518129 54.275507028463785
13.862101343357377 38.4188252041185
4.87008302847583 49.475632311149475
-2.261828354940631 46.48294967881525
-11.509516965046947 37.84244876108598
14.630510177118506 33.52403462022642
11.679979693718396 49.058191553823676
4.413828276202756 58.15784352477877
-1.969282309889437 46.72195226827395
17.929184582443508 33.08115982463942
-0.937814455895756 48.26978046531356
0.7857820973919643 50.481685551962244
-3.191117817737334 49.55917513820962
-4.978316096419078 43.737975607204596
10.30657638602757 55.57768911412521
-6.138430410280259 47.98707999943664
5.106380978085125 53.226017106662006
-22.612030078350834 48.19269183054113
9.109328666162755 62.807675111768994
-16.329859886775893 35.18039871077276
2.2418721183466124 46.46500185648723
16.05274717176954 31.84044548669343
8.226254575632254 54.3416768345467
-0.5063714948374416 46.98348444238235
-12.335713351947433 43.4326246449411
-2.9399255994665885 45.33588521866339
-5.214992973447599 39.488040966565066
14.81205004622138 36.05492588242574
-6.052746396168108 37.57103231533736
-11.018751213488585 36.20554331273681
-7.997463395046239 35.872186884319895
-6.819165666034945 32.271113290037206
-10.759614509832588 39.38712536594602
8.0948597670062 51.96105324862964
7.4190676496899925 55.313763284118295
3.3167271088404835 49.024436746672244
-1.8681754822151944 49.36766163548739
1.9506476905735814 51.13056983751839
-8.845485709641519 40.93310757334123
-1.4688462287042965 46.808026123490066
-4.932749030591358 37.82990294272926
-28.01729282475599 57.42121785412236
-18.723556698319747 37.608814758481124
-14.50082727278259 30.772820441777576
2.1931247483921417 49.255152691470464
13.085287058982502 42.53798743066894
-4.800909088788074 43.44644099345203
9.628829470340195 58.86558538041391
6.03790662192551 53.6871858816458
11.122622695665223 51.80417026830022
-5.873237024323645 48.14854684416002
-10.639757824118284 34.86506281836505
-13.479480863538205 32.51905164201993
-1.973764281102246 50.20747947545938
5.755606849087488 55.61561240917828
-4.966820511812633 43.493780961444465
0.01399224016934391 43.05514908608753
0.7284540332163882 50.08905874516206
19.72623165439026 18.977673966201603
-5.013021325420819 42.59629323157399
-0.17363491989785942 50.560670967890836
-13.624192776470242 30.050273555567745
15.363033969766773 30.729534460681936
28.738517746926462 -16.031800666535965
-27.82137976537255 58.96163105179239
-1.553850738564233 50.16913892021698
8.609800268828376 51.36366158310321
-27.700145021214006 63.984504353311394
18.578356315397563 22.700962529009104
6.008658090735002 54.957498142123946
-6.248344326838509 37.30831614727602
-14.52151372711121 34.76288579045786
11.456496893990433 50.7135068084291
-6.145162435969368 38.511759338059875
4.722421110004699 55.18332170516558
3.047020193286482 49.53094341577194
-9.132383168224537 38.96679901304342
3.276686710978813 48.607969851241364
5.548712501775168 55.97093020417821
-9.021279592321578 35.3513709574673
-6.11021409848256 42.133670511379925
0.8419225079039339 51.62212415200333
6.565088375709836 53.60585049403139
21.41870524063515 14.707417622355026
3.962078353777902 53.50427299724888
11.227110111650182 55.34683233556657
22.816106220683775 5.347903246849379
-6.1312973314966275 44.11939548544565
-1.8213447055259717 51.20553026765466
-0.8933724955810446 52.83368496317573
1.5467507346656335 48.42092688936591
5.871533205828204 59.72508250720933
-16.24008515711568 31.732642248637767
1.1733240904001632 45.52495780861443
-1.48988654347401 48.609485301250885
7.19444420163811 55.9854736339525
1.9246298815829972 49.44433909735955
18.30673445496085 22.7871448401662
-11.5570687024112 30.691539652883968
8.613472581419709 52.93685991825396
-11.677235022878554 36.863463192923035
8.059920869479061 55.79641955189124
-3.5655315539214216 47.314226878663945
3.5576704705290685 55.40330266057346
-14.118925127134874 36.15530966835275
5.842872265832616 51.451592252692116
-8.807487789895752 38.94046992270548
-1.9255175817118262 48.3675896691198
9.47665356130894 57.70176341798423
14.45135577692097 37.15969640410989
-22.072008345865033 45.37995806218444
-5.4870843863907295 43.7644030488403
-8.460094516483563 38.913896973487574
-10.352878442936596 40.73912117495679
8.353165547441028 60.67372108266032
-4.772885742109503 44.93002250417811
16.626832391465683 29.15476780689472
-12.633497284080343 38.18571729565981
20.884479877433098 16.51252353387444
16.5949553224055 32.687619735255254
-0.6268181620145108 44.184883949910486
12.790658888363815 49.741148811911735
-1.2448624354490903 46.49415352091964
6.0619011084066585 51.02907107255102
-3.0131936996106994 44.13175933570055
-1.8388903633462508 45.26043681848603
-6.877775448695279 39.23727715850705
3.7081388187301108 51.96368183618848
4.974620207591265 51.33653134707736
-3.0331420394659547 42.49418893214765
-5.125606729621786 50.60600070914673
-7.044231879609651 37.050930392987034
16.399020247092118 35.76749307783372
15.500140298614388 37.236341233571885
6.131558388541429 57.669558668496805
26.418428235648083 1.6304757178371467
5.707485858385056 57.926814852133596
11.337932979132727 52.43748085530168
13.355573296507101 43.73201977977015
2.9300684522250937 54.93844446677869
10.340042190634298 59.854318873466404
9.554764369137041 58.35877724658448
1.0892841565804932 46.22649473504581
22.68369886544443 4.580713516178651
-2.197776286526153 46.38487515129093
4.396559497964089 54.314618609263505
-7.585967878184933 42.75102757379347
-20.401648615475647 43.069338645475405
-3.361268722405473 39.378459552686955
25.92686339754536 -4.408994967885918
9.258179593308205 60.647752487736966
5.283750450588359 56.60693963028765
-6.49074476307013 41.497530498834614
-5.157367779255488 44.158309212186104
-8.074215515536391 38.01428668578324
7.86177823393761 59.618276210671894
12.622567562509241 47.593274862430796
-20.709300994274038 46.39473054457524
0.5475904795376982 52.814448540611274
10.288973725969118 54.690151052209025
-2.1795948312397013 45.04696865382491
-4.0474056543926125 38.4866510936801
4.855442118583039 57.55723342622399
3.724174785043763 51.92356284114069
4.351703467794291 52.478360996321705
4.721393613247866 47.78342974720741
12.331609143685121 50.56868360645743
17.50971199714837 29.769307491885442
7.067449597234365 60.5551482360882
-4.610088973111883 48.01149164853896
18.13604481654116 22.336262214030242
-2.621867108403646 43.57013151442361
16.09375304582673 32.795780277603555
-7.925719603488522 35.92470958233449
13.172089690927699 42.99819580424558
0.4512795120062752 47.959238330750495
-0.8192629075346446 47.334288094385336
9.982538435534211 59.57894444013428
-4.761554026464828 44.62723427515751
5.924194716201142 55.692931290017945
-22.477250838953672 47.514720430979104
8.008758525445717 57.78823115679678
5.539387843753445 52.845746848398655
0.48986940691013275 49.21141883289922
1.0851986850895496 48.10496905794657
10.54303574705158 56.94009416408448
9.343393636989937 60.15767119407147
7.533997444233131 55.25600970564635
-4.662776741419306 40.44329454678973
3.702814960636113 51.89765819198772
-10.839570898879145 43.86485618036863
4.569543911114695 52.054126540665585
-12.990769234001178 36.53180122427314
9.462690740288222 54.176187390801886
-3.738753185658833 48.284837965009146
-13.505607792945518 27.51371970917824
3.889418063557203 50.94604998366495
-5.344598273700325 42.30451218539463
-12.879801139710574 38.31503156470021
-3.897288746265037 39.72840486257255
2.5517436514615617 51.531959483432644
2.3875314417225226 52.67587636905351
0.10806823412645285 50.198863744122875
-7.628845640313887 38.76402550304956
8.429989719333568 55.47208923201668
-7.341223681945869 41.15112129889073
-18.06493504828965 38.67656790447541
-7.139970912619428 40.86942287544274
-12.411117202428262 41.00485485351503
9.692629440249064 60.13412332835364
8.57206878310369 57.011858488851644
-0.5841598731005762 46.840255785455675
-4.902832358008139 44.875407328847714
-5.903750046474415 42.90743760822772
12.67198176086582 50.8600255043762
6.349092053024787 51.57649387124666
4.318439623665063 54.148174090431944
4.106457132799822 49.958611013965694
-3.522003833249107 46.86329714215055
-10.198868972169992 39.670802040086144
3.081669261258446 52.36102012478219
-10.733539985975169 36.58699827015094
-2.605894625386062 45.35904707071316
-8.567919565447312 41.30599356366537
-5.7361857272806605 38.927719984430354
3.6206285193046406 46.86520359593581
-9.111506558542743 41.24089450296845
-3.737282393288675 42.91971491320404
-2.464180073112205 43.87566251787896
-12.553497740921395 39.610897895565074
-0.15201978746905534 46.203406283375166
-4.397833044368283 44.4589638470179
6.54959978363133 55.62327746400241
-8.028494809918364 40.98484324960537
-5.884274297534361 45.987683282150456
13.993276774731765 42.62637314999194
-19.855615224071393 41.7093192653214
9.337391742219998 59.64304373585881
17.62683737145034 33.717161300588344
-8.219532084307826 38.00639314570117
-15.991613071918547 39.0531216457792
9.83884535930878 56.085738894899535
-18.338986454406104 36.19471881705766
-0.7048282890159137 48.129503106390345
-29.61935242018141 61.79338509309672
-13.081362885005856 31.465627675956327
-8.294530006548511 40.14607414154135
-2.8716445937817054 47.026859873530164
-9.411812102499061 38.39236180498084
-9.425415029709548 39.04778712695611
2.048894068562416 54.58988413181764
-3.505512824135722 42.543403219650735
0.16124944150158532 51.36772321315559
5.35896800614619 51.28775176008524
-9.268217688475245 32.87901160353491
6.999588981740428 51.982992456644745
-7.2599642476034 43.47645522571557
-16.061551934463377 35.788046342185865
0.6839085385686086 50.59664567193602
-14.068161589796057 35.79974570684707
-12.107659937627314 39.24990905961513
-13.78341549121184 38.400414819482535
-13.174483704818616 35.142942988969104
12.328119687012185 48.63115811153488
-15.72751058064026 39.22499264095801
8.817970085875587 54.95285670373634
5.948718453203343 54.009679371021875
-4.896761311650501 40.35022080307059
-13.687795936797311 33.04208488068748
7.516285219946839 52.06799512027547
6.219904056688526 54.59964137440179
1.9709442104736787 50.27182108923937
-1.440440774393361 43.23469757104646
-14.053766965680873 31.50153253984748
12.049833475277334 51.65502064906284
-3.228049737858811 49.41997547522606
11.327061633653589 55.38662312993449
-3.2017015562210633 47.6434049712378
9.534959360760041 57.37588898984604
21.801303120160167 8.87341739738776
-9.56748550525653 41.66582066877245
-2.730952247151943 38.687206961890304
16.141666981715776 33.039048855342486
-4.077163690163362 44.40567189988962
7.151785424607863 55.04941490120378
0.2565932544522518 50.0437087615049
9.40793593183779 59.6877694372406
-19.356985171301197 42.751344061038075
4.546790395529344 57.742241019866206
2.5661942580286086 50.1132179752296
7.962676424343231 57.2780750660574
-3.0698261414947607 44.319013955936576
12.733337064976777 52.00706635729859
1.6069922598827433 48.65390374217599
-4.246507888170074 48.74418341866942
-16.05874727656922 32.353004442271775
1.3679154926507628 46.81025324743571
5.936461423846135 53.627542539006576
-5.560927622658994 44.87277496124548
7.420171105831596 58.277482258951125
5.232783044779627 55.29079959823937
1.2538851366921844 47.21448888310215
7.275703682539325 60.242231721227526
-10.999386088050993 36.98053515457836
-14.933112880927418 34.90818317943842
16.237530036066072 30.067211461402895
1.681699630044462 50.75488006363987
5.40417166751201 48.57978655226508
18.033298604604916 19.478930931659033
-21.832163596481628 48.290789701570084
6.861618076986935 55.93266868252821
21.613471099398968 9.921551896619446
1.644504559181661 48.27960270861392
-3.839106374571786 42.817299949996105
1.0958154362983255 49.18238379120132
0.4726429007100708 54.07700170809544
-19.69244473237787 40.78823215578907
-0.7093277428337836 47.29424811907764
6.653914904977322 48.50172137093466
10.882610573906518 54.6662019383036
8.833968655079792 57.52037198853172
4.676145745242949 51.898786244406026
-5.632749091124146 40.545274778091446
5.350528716892093 53.98195598194157
4.917068728185973 50.535064346120585
5.560067164815319 51.45020320682368
-17.91921247554634 41.11788090084991
-15.13188868651014 30.990224679609735
-1.8617142076138604 48.38920111787802
-0.29870166417929755 45.77272731854888
5.513710786620678 53.276187580483196
-5.751523042069792 40.07395842658176
-7.101335523205146 41.671231600323274
-8.300411382294591 38.87999119343882
-11.790205232412372 40.23236039502315
6.8349688100084185 53.01564583169238
-4.371149946357333 45.0737137746013
-16.099404499492962 41.32940682593693
19.807762613598502 16.743570861509117
2.7564061526696837 46.885023561390824
-8.901360571480808 37.90288100977648
2.4083305773169794 50.47211938463058
-14.144935619164487 30.64063194013169
-10.57908235457559 37.68883936098885
2.3731725988732864 49.40221992380752
2.1669530151186467 48.902056691765786
-4.712052876540395 45.53416894342777
16.846603524377517 31.154300478422147
-19.835646124460634 42.71281202134301
26.765210120527673 -4.705386957504341
-0.32586577520541005 47.5802630678761
-18.423727102522513 38.53016557510362
-9.262989091754392 38.758011308535885
-11.240113228023246 40.76615000373652
-1.8033492486405476 49.8498184859728
-19.068193292468585 40.12753513125354
-0.1154602796800877 42.536401003836595
-8.418250925424083 37.635085609805046
12.77186743236167 46.789569074118404
0.4274820711800214 49.31651297872989
-15.871314252983895 35.85506311486765
5.799703426008119 49.582443190334075
11.95035897951145 49.25232580167963
-1.8793769084200271 43.88512714220578
11.934060703699043 47.00917833033691
12.023538497282383 46.882599147630785
-9.254655943750684 47.74876454933611
-5.988810380350782 44.2709771413059
18.877446078168663 18.112601876494317
8.256357481232321 51.342840644126895
-2.9396629244582098 45.979813302750784
18.481446582287276 26.25819421290231
-11.078471468397712 35.76616539008933
1.08078886440769 51.286511545971926
13.130938708285676 42.17026804555921
6.805225426803938 52.92813902763787
-14.398559857317135 35.9993091143833
-7.138541375842561 40.63534687706771
-18.138815981490467 38.296055672702586
1.2635183093280977 54.28556631295386
7.38612468737991 55.00581325256052
8.811154518383255 58.58798632070194
-12.210845083564807 34.05512718797083
-1.3155103001514319 38.91277531477941
-1.9078692950116438 47.12924601902533
5.61187219088624 52.096163847308674
11.079494356899268 51.32130178213584
6.014624858530163 51.506093242094884
4.524408234325094 56.305951099158975
-16.923223359688127 39.711792684999594
14.273471987838498 41.44351338452914
-16.35477101969788 36.144585995172
-17.75450825442143 33.717761011606555
-6.700906023384244 42.637288584498734
-8.73566774192194 34.582241346361045
4.296230455013138 53.82585183585487
0.30383221990707443 44.84545664521868
-7.4388994857663535 35.55780132297395
0.98136502313457 49.58149520842601
1.2279417789624305 46.317567000817995
7.763309854176468 57.34607582034292
-9.128906726614748 40.07139550517675
2.4441881585079654 50.16384659587454
5.71612860994242 52.95179950778897
-12.917492477877628 33.036154684001446
-13.424491284087095 38.91216122217095
-6.939233333042703 43.46665296374284
18.186300445325543 24.319898895091992
-6.127585838901376 39.93691195453216
8.004963490411365 57.80259298134602
7.30140104982708 53.48235268514005
-0.8722255616971407 51.15635674816692
-14.790395805318543 41.37748512240311
4.544893765718347 49.77661670700982
-11.21165618732876 37.28344966084252
-8.475439201671595 39.65429371455308
-5.6050527073160055 47.67071917969905
