-11.973089085636248 11.082744159843656
-4.68153807522927 11.808804872656049
7.168260671779297 9.306144742428481
-8.446963771928726 13.338126775568615
-0.7250902178439027 10.234667803960587
7.266696043293553 9.594041721093948
5.324823579385356 14.765751089633719
-10.409811815981431 10.593101527733623
2.02771183327463 14.759780375003906
6.172578583943697 10.857043999039595
6.242655815855393 9.496161721663885
-5.29810425937513 14.874294570261403
14.03423224283447 15.900640688598546
3.5927094729543683 9.088115215450367
14.717357939315367 9.759475920020485
10.203351997790293 15.265254331299847
-3.5428182234236445 9.493543189809772
-1.856689891917636 17.041698167501323
11.972034336008722 16.996814587781614
8.063861156675546 11.95182375225389
-13.565216617255098 9.744132338469795
-8.730118958775574 12.1194967414443
2.7748016743794963 13.943710310731518
-3.091327008938574 10.923399670164537
12.703664948022151 11.76853092951898
4.761360213752095 15.19418045678867
4.971130407200416 11.533168159589753
-2.679241239722037 8.598142830448332
0.2707419815214678 8.36236405861209
12.087912385786336 9.313919097005813
12.812435372118983 11.991357284801063
11.246738218851522 15.289795694879981
11.345575277834904 15.701465167040812
-4.748454667122282 17.197290186950795
14.974160677557542 12.659017817523935
-2.0181437920772503 11.078559581126166
12.855250523590822 13.014502909505378
-9.777390517060285 13.998055171070297
7.815578393288135 13.86606756939299
-13.303102572157748 14.155099619841273
13.447092325827732 10.17822364654251
6.6380241870151515 8.787139974411529
5.48736964018271 7.77422917408245
-2.329950215284992 11.63528088065737
10.302212323469345 8.956029461104247
11.786547159885746 11.379021355315162
10.137407775039925 16.15631097271858
-0.5702572656175597 15.675208555693663
11.820760898084178 12.382389861777
4.6355371545697075 12.229795570716366
4.34068684885165 12.807154885643275
-3.075873229031618 14.577374547914117
-13.906573125235365 7.798509629075334
14.47747030110413 16.401244230689613
-8.632795763078686 15.891749641919588
9.906778860460381 10.242524201397696
-3.8286167902766177 17.227239259594143
-10.16276584110528 8.225255318689761
-5.380837039972894 11.495141316313571
-13.394077266521911 8.778198448402527
10.048688213088951 12.776563981843472
0.8572643596702996 13.620784117114352
1.0225908213809447 8.950691631654607
0.9509229913986736 7.527543842903954
-14.112741240211914 8.459011914467512
2.4727332197014427 16.969997241073116
-11.766261159570652 15.813538193641925
10.154334144728068 12.286606572840988
-14.937235391087768 11.202991928774681
-0.656525953924028 16.016256225316596
-21.00244 7.042540128164239
-20.31096671061712 0.9213802349067794
-18.63834347943065 0.8742916643622962
-18.278779071545365 1.3472496818072486
-17.288963846651946 3.2066161583677673
-15.811499642667627 3.89804500563422
-14.47647923289831 -4.570363211504755
-12.684487335350008 -0.20481352971470823
-10.773988927062138 4.7289917151151535
-9.991899350815483 6.699722668166952
-9.557628960209799 -6.878944843229338
-8.697686235267918 -2.4391474016780617
-7.717346068294875 2.093969896205559
-6.922675061286786 4.114121879958763
-6.6863508617716665 4.907939812644736
-5.27875906941302 -4.617418051871278
-4.920348652995118 -1.2913557228069088
-3.890795917458208 -0.5494811834339908
-2.301087126287437 -2.1168756285765236
-0.5117834132845331 1.7057767546601408
1.1777909745344042 4.072617878607868
2.167757698811708 -2.9172756650037854
2.2131165805078803 2.591684521892624
3.9128327040068434 3.5601665336456385
5.465749113632535 -2.164087717283402
5.8279076108603745 -4.81197452537883
7.7987070947904655 3.1730944679123656
9.02871893495045 -2.0857456808924066
10.25010790197683 4.211002233163576
11.51438282733664 0.9169454335675091
12.381037582664458 4.133398286547624
12.68910763653197 -0.17197434472115347
12.94717547473353 0.6552048488897118
14.289835312662664 7.288824758859281
15.299140307954406 6.588475895294319
17.20180918118655 4.900323358942092
18.698975403010422 4.468605289669803
19.576828047758436 -5.448313337822441
20.389249911570488 6.450747705315205
21.404396542538883 -2.290273521294967
23.150608540333007 1.2575129981437332
24.12926080972441 -6.286828538533689
24.800596863224822 3.658048045158086
25.204897386567417 -5.413788017069271
27.13647372701853 4.06381591371577
28.898487262821718 -6.3859429240235945
30.844121687131935 1.0265120012524953
31.7505797495879 -7.13642806841259
33.350932582094174 -1.7427458897096146
33.577653998593085 -0.04886106919362554
33.966926979257465 3.1224126846069424
1.747845484